7
0 348 104 189 262 346 411 
348 0 384 227 476 136 247 
104 384 0 295 149 332 356 
189 227 295 0 437 352 417 
262 476 149 437 0 348 376 
346 136 332 352 348 0 122 
411 247 356 417 376 122 0 

13;Rennes, France;48.111386;-1.681333
14;Paris, France;48.863723;2.361235
15;Nantes, France;47.236368;-1.566631
14;Rouen, France ;49.172259;-0.282291
18;La Rochelle, France;46.158054;-1.153905
22;Orleans, France;47.89808;1.91114
20;Bourges, France;47.077297;2.3956